9653
6408
-3647
-1720
7387
-470
4629
-4335
7546
-8689
-7366
1715
6286
-2326
1357
-211
-2639
1545
-5087
-8803
-7408
-919
918
-8217
5339
-2646
-5127
-2821
1524
3037
-6302
-517
6213
7190
-4154
-5779
-610
9876
7329
4215
9596
-8636
9834
9145
-6307
-5552
-7658
3074
6080
678
-4210
8735
-22
8515
-8938
1398
-6717
-1919
2636
4269
6858
5157
4913
9829
1446
-5757
-8622
-7769
-6110
-7071
-7190
2030
-9569
-4827
-2103
779
9915
-843
-8786
-8145
-879
-9295
-3199
1598
-3624
9293
5682
9102
-1821
-3418
3474
-8117
-7943
6447
-8831
-3699
9987
6637
9668
3231
-2248
1276
-1589
4902
3835
9051
-6849
7944
-3071
-3829
-6672
-7554
5336
3717
-3864
-5654
2303
-9320
-5469
-6437
8212
7326
-5339
6235
-5813
-7156
8139
7662
2384
-2479
-5719
-182
5379
-4124
-2424
-8312
2027
-6896
9596
3266
3925
-5353
2857
-213
-4424
6323
8907
-7783
-5283
5204
-9040
-2065
4029
8988
6089
2590
-8939
-4813
6277
-386
2845
-383
175
-3804
7126
4923
-5307
1334
5452
3945
-7350
1915
1342
-1444
5639
1460
2043
-6424
6646
6422
-7333
9552
-3584
4265
4569
9284
7391
-9599
-1523
4297
2863
-7081
-9511
3696
1003
2078
3555
-9459
7767
-78
7679
-4097
6277
783
3063
8179
-2359
-5546
-6035
2753
4342
2423
-7359
7004
-2918
-3956
-2695
3655
5823
2400
-6599
1355
6439
4992
2567
-1882
1414
-442
-1517
-4328
-8299
5255
-2771
-4463
7033
-1905
607
9568
8471
1262
98
9466
-7734
6827
-8294
9478
5181
-6506
-2888
-6552
7193
-844
4648
55
2043
-2545
6990
-8790
-4169
-5260
-444
-8626
-6049
6824
-6662
-314
8480
-5971
7885
460
-1523
971
-1791
-68
-2892
2773
-8582
-8133
3758
-7167
-5334
6817
3883
1603
7002
8754
5237
-5779
-5406
-2660
-8991
2849
-1126
-8309
7671
6724
2822
-4254
-3181
-376
8203
1039
952
-6736
-4551
-7122
2830
9786
4379
-6478
1269
2962
1877
9878
3422
5037
0
-2565
-8511
1819
633
-5361
3566
-9818
7892
-9709
5699
9568
7540
-9940
-7431
-2755
-4988
5693
-7753
3439
7587
561
7136
-5317
-2721
-2065
-3497
-9531
7171
9708
-50
-112
1057
2849
7284
-6087
8766
-7823
2691
4179
8126
-6293
5894
-5585
-182
546
2696
-3388
2663
5667
5991
9052
-9819
3823
8044
-1908
8411
-6299
9895
-6307
-9862
7915
6956
2804
-7570
1325
7023
2759
-5650
5959
-4664
-2627
-5776
-5748
3907
-3119
681
1669
-4189
2129
-2621
-4506
-8581
-733
-5352
9212
-1980
-610
8147
3280
1387
-3588
8069
-5493
-5088
1130
1501
-1278
8545
2642
1682
3527
1618
-9355
892
7141
4693
-4362
-5540
8972
6338
850
1199
-5216
-2383
-9453
-3063
4210
-8549
-5034
2822
7588
684
-7172
-2757
1340
-3504
5303
-965
3837
-9164
6163
-7905
6676
7531
-4765
4600
7566
-7334
-5091
-5781
-697
5468
3862
6790
-8689
-4903
7808
799
-786
-7728
4108
6908
5792
-4628
5352
6816
3002
7961
-3925
3561
-1408
9068
-2785
5117
-7833
-6648
-8215
6462
9423
1636
-4431
6289
-4545
-3063
-3570
-5905
8852
-473
3259
6413
7611
7349
-4754
-3963
-1022
1542
3209
-5496
1585
-7366
-6760
6044
-6558
501
7399
-344
9412
5649
3919
-518
-6717
-3261
7302
-6727
-3485
-9950
-1394
-6261
6287
7486
3290
-8303
7515
5631
2242
-3398
2495
-5216
1447
-74
7309
-2272
-7422
545
-8583
-4580
-5155
3735
3563
2759
-8
-9336
-2318
1398
-1917
7669
3570
2437
5066
5625
7153
419
-6238
-2646
-3155
-1265
-5716
-101
4411
-6626
-9867
9314
4668
4269
7945
4680
5902
1180
2285
5593
-6333
-4983
-488
4997
4434
865
-22
-4279
-2879
-2555
9127
3729
6009
3
3832
7561
-7391
9927
-7148
5413
6613
-1232
-238
-9165
9473
-9135
337
495
7661
9375
1895
-9078
-8241
3284
1819
-2599
-7698
-3269
-1429
-5886
1007
-932
8068
9724
-6279
-2307
1335
8669
-3245
-8051
4583
-35
-9215
9000
3704
6641
3471
-5814
7072
6673
45
3959
-5666
3736
9071
-5370
70
-4381
-5680
-4286
-6727
-2580
8751
1057
6882
-4037
-2466
8172
1112
-1954
3368
-7622
8731
-4112
3795
7638
-8415
-3033
-9711
-3337
8025
2566
-1716
-192
1859
7523
-1917
-9587
-3555
-8889
-3503
-9307
7450
-1126
-9956
1429
2472
-9064
9717
3178
-7537
9979
194
2476
2129
-1443
-8938
-5091
1882
-2981
-9079
3936
-9227
5639
-5525
-3130
8068
-7865
-5054
-2027
-3387
4707
7519
8643
964
7587
-2169
1512
2351
-5632
8666
4744
-9280
6613
-4923
-1223
1733
5670
1355
1626
3863
4396
5936
5600
-5190
-545
-3073
9196
3617
528
-5369
5928
4761
-4973
9210
4104
-1306
9818
325
1894
2802
-7106
3683
7305
6567
2499
2112
-5886
2854
266
366
-8952
-1101
-1067
5624
5778
-3723
7776
-5933
-6068
3005
-545
2984
-9125
8665
-9965
2131
1359
1691
-3889
-7919
-1636
8131
1168
-2720
5633
-2736
-3356
-101
-4993
-6652
-4951
8886
5210
3005
4894
5755
-2858
-847
-2112
-1139
-8046
-4135
2511
-5290
4452
-6686
-3872
6756
2322
8546
7245
-9500
3110
-9870
-7741
6921
-3881
-7196
2665
-6445
5330
1081
-9481
-7108
-9906
-9484
4654
1089
-165
-5289
5368
9417
-5533
-7902
8599
5699
5519
-8608
7171
122
2349
-4546
2999
1928
607
-3547
8421
7033
-7730
8050
-458
-5426
560
3698
-9019
-1498
7594
6583
6921
-2545
-3462
-3340
2217
2914
-9099
4525
-2566
-8090
2307
1994
4165
-7391
5066
-610
7189
2167
7466
4211
6553
-6306
3645
-1137
2679
-3899
8748
8369
3757
-6885
-1612
9874
7365
7401
-3808
6350
-5602
-5395
5890
-8379
-1005
-8526
-8105
-6264
5227
7158
6036
7213
-9974
-2100
-9278
6083
1472
-5609
7509
-5903
1633
-3440
4075
-1234
-6392
946
-7514
-5982
-7898
-3558
-7351
-628
-5618
8533
4855
-8757
4816
-6890
3982
-7043
8906
-3130
1183
-9741
4589
9761
-8956
3227
4281
8212
4547
-5208
4883
-2791
-5472
1758
-3804
2811
-9871
3011
-732
3762
-7306
1617
5662
8179
4957
-5689
-9242
4778
-3099
9693
-7055
-7988
-9215
-8810
5874
8470
-3245
7100
-5024
-747
-7442
-9940
-8432
3899
7274
-7392
3490
5237
1652
-6234
-1345
281
4229
-5469
-5707
5197
1880
-7156
-2466
6090
-8395
-101
-2486
2406
-2849
-8346
9982
266
8400
-5906
9149
-7172
6470
-9807
6117
8474
6782
-2026
9212
-8419
2308
-9025
5655
7729
-8317
506
1213
-2468
1107
-2655
3917
-7429
49
-2429
-3699
-1306
5814
3237
3717
7533
-5971
-6695
259
115
4933
3423
1096
8507
-1365
-7313
4934
-6122
-875
-1148
464
4675
-2418
-3748
-3915
-1107
-8636
9450
-2876
-6175
9446
9917
-2892
-8079
5951
-7214
2487
4898
-2360
1103
9242
1107
6889
2885
540
3436
-388
-4978
-4795
4693
-341
-7391
-4020
-266
-9106
-8782
4634
110
-556
1772
-8882
-4929
1794
-5395
3160
-6689
9482
4937
6904
6382
4146
4672
-7865
-8385
-1745
3182
-6935
-4761
-8748
194
8237
-8863
-5778
-4032
-1346
9837
-3467
-4604
3928
2447
238
-757
-8217
-1034
8768
8632
-2676
3561
9724
-9922
-2029
-3178
-1906
4807
-1223
5547
-9168
9944
5904
251
324
-2926
-2297
-3408
-5129
-8112
8319
8556
-8279
-6604
5686
-8718
-2091
-2359
1842
822
6092
-1770
4396
-1878
8612
2282
-4894
9175
4851
-2114
8738
3230
1586
2982
-6666
644
8988
2577
-2091
5054
3253
-717
-3007
-4829
5462
5467
4288
5401
7847
3873
7161
127
-2565
-5886
9949
7095
4333
-4128
9482
8134
-597
-7128
-287
-2516
-1053
-346
-9942
8352
-2723
-9313
-14
-4038
-7947
-5401
4253
-9456
2185
-4986
-7681
5849
-6075
6185
-9429
7519
1013
116
8329
-6895
-5050
-3214
-9099
-2624
-8523
-8133
-290
5513
-4986
1345
-5391
-9615
-5254
-6816
-6473
2839
9293
333
8957
8907
6147
8876
-4615
-6445
-5279
-8566
8040
5155
4826
7259
5639
4997
-1346
-1039
-5127
-5216
-3257
6967
6286
-856
-7637
-5506
-4016
9284
-8632
1620
5303
1512
-2858
-7964
76
-4056
-2792
-3409
-1428
-2944
9849
-3970
2120
2826
-2899
-2873
9146
-2700
1085
1567
4801
8352
-9522
9
689
4645
-7210
4759
-8026
-8452
5234
-6409
-3060
2203
-6826
-4972
-3539
-1001
3141
-2841
-8622
-6675
4847
-2836
-1461
-4841
9965
-2534
6886
-663
-5741
4282
969
-4441
-3610
6337
-3811
-9832
-8182
-9175
-7918
9174
-4241
-3842
4192
4271
7142
-2911
-6898
9521
-8746
428
8581
6924
-9521
-9069
-3989
1311
-1315
4140
-6260
1617
9547
-1959
-8736
-3878
-9254
-202
-6854
2313
-1693
-9430
-7610
7108
-8541
6095
-5044
-2863
1200
7007
-5260
3027
2160
-4847
4282
-6334
964
-5151
4015
-8133
-2898
4834
4571
-6352
380
-6454
-5761
6277
-3432
8586
-2846
-3818
-4005
7807
5959
5116
2349
-8970
-3373
-1295
7356
6478
9432
1201
-8320
9900
5387
-5882
-4797
-3851
-46
9810
-5030
8906
-8935
-4746
-5711
3934
4841
9482
-287
1540
-9551
-7138
-3158
-6127
-7256
-6854
8732
4878
-6934
6674
2873
-1951
-9428
-7439
4307
-213
-6408
9174
1810
263
-3324
-6405
8043
-25
-8632
2706
-1580
2508
-6969
-9253
-5496
6797
2430
9929
-1531
-2762
-5798
2864
-6663
-8730
2282
4193
-7821
-2899
80
-843
-6629
771
-7763
7058
-5524
7007
3524
400
9251
7488
-2499
1533
8296
-8719
724
9809
4229
5816
4674
8084
-7988
-3325
5164
-4204
6505
1715
8329
7533
-8999
-2601
3230
-7331
-76
-9082
-7334
-2932
4447
-2313
-3186
-5969
-5663
9576
7775
9308
9694
8105
1055
-6672
-988
-9139
6323
3017
-2179
8753
-9856
-2242
-9278
4220
5942
7669
-1045
865
-101
2706
-1821
5477
-9050
-589
5034
7869
-3063
2207
4761
-3257
-2645
-7969
-6539
-1635
-2139
2839
3699
-517
-7482
-8820
-5475
1305
679
-6444
-9845
-1122
-8790
2679
9761
-3610
-6692
-6093
-9363
8069
-6122
9895
-6935
2400
4401
4807
-9001
7007
-7500
4851
6463
4464
-7873
5684
3127
-745
-5354
1951
440
-1019
-6885
-6675
-8747
7361
-567
6710
9239
-3955
791
-9189
-9437
688
6632
5358
-4130
6902
-8709
3353
2929
2679
-3518
-3079
-9486
1464
-8507
6718
-4188
-2061
-7864
4022
1542
-716
-6474
3017
4736
4314
8686
9606
-9898
1668
-8721
7553
8362
-3049
2313
557
-260
2002
-2791
-3108
-9253
8672
-1862
1841
-323
-2416
2340
-3610
-3100
-6821
-6792
8834
6925
3417
2431
67
-7516
6202
8008
-2840
3718
5772
1338
7054
8163
-7404
-4810
-4579
4081
4061
-5049
9900
7399
-4717
-1966
-5431
6878
4875
3290
3624
-1913
-3004
-3067
-6766
8121
8442
1893
-9418
7614
539
8052
-1959
-5281
-6053
-7022
5597
7414
7183
1606
8221
8806
642
-3160
-2708
1529
2203
-9571
1548
-3819
5606
-2199
5677
5473
6089
-5707
1926
7845
-8136
8567
-5098
-68
4724
-3825
607
3736
1101
-6068
-9143
956
-1974
-8288
-1745
1512
7585
-532
9987
-6333
-9211
2125
6533
9891
1147
2706
-7514
2142
-4945
5649
-2908
-3524
9684
-6066
-8614
-7190
-1654
2759
-5852
-7865
7769
1512
3746
-3481
5065
-7299
-7847
-2857
6667
-2664
705
8232
-8925
-1051
8545
9195
-7283
5549
1688
8751
4847
4786
-3796
7285
2127
-246
-4432
-4242
2273
-145
-5448
4813
3404
2030
-5979
7541
7021
-2220
-9295
8856
-2755
3570
6170
-3647
-6293
-5527
-200
-9068
7475
9854
-98
-1067
2670
7180
-228
-3647
1842
188
3284
-901
2665
9547
-1795
5902
4533
-1474
-7740
-7733
7921
7951
9408
-956
-7459
-977
8721
-8279
-5172
6460
9179
3806
1776
3297
2203
-4903
9466
-6301
-4382
-5767
-6087
1171
8516
2696
-3719
-9971
1920
4826
-1700
-5056
-8215
-5888
-6210
7041
4846
-1167
-3572
5818
6951
-1726
2959
-5544
3690
-3529
9663
4204
-4097
4525
5618
-5448
1306
-7843
-5554
143
2645
3439
-6898
4705
-1318
5437
-1720
-8166
1134
5978
-3053
-734
-8730
8609
-3467
1512
-5182
6942
-263
9021
3942
157
-5475
-1651
-5284
-4002
-9130
-679
-575
-1574
-8568
-7442
6924
-8581
-3796
4230
8208
3976
-2851
6774
4761
-7788
-9181
-405
-1556
4535
6713
-104
3647
-6591
2984
-4783
1338
-3295
-1008
2574
6857
8942
-3114
-2476
2202
-966
6998
-2612
-8977
7999
-8925
-241
6372
2437
-4409
-5269
-8309
-1255
-4537
-9125
904
3308
-5624
-9260
4408
-9012
-5842
-4827
1022
8766
-6384
-8260
6011
7335
2629
-1891
9000
7183
-8213
2752
7236
-2981
7488
1328
9396
2188
-9314
-4923
-6935
-9970
-8157
1152
-4626
670
9635
954
-5944
5965
699
6090
-9388
-9892
2888
-7770
-7438
4414
-1948
9311
-522
-7805
9933
-6333
6236
-345
-4503
-9275
-3214
-3730
459
3244
-7575
5697
5705
-698
-4219
-9323
5667
8560
7132
7691
8025
-7815
-6872
-688
-1102
960
-2874
-228
-8277
-4257
-3624
-2709
5727
-8320
-9325
4913
-5738
-900
-8508
-6142
7391
2627
2194
-4230
6147
-319
-6464
3931
4874
324
9942
4691
-4333
4315
9917
-6041
8662
6289
1201
-1502
-3919
-5271
9631
3718
-8228
-7210
7729
4669
6091
7582
-1973
-8487
6305
-1556
-2852
-4319
4674
8073
5951
-3386
1996
7183
-4210
-6168
-8254
2800
9685
-1354
-482
1769
9435
-7561
7179
1932
-2992
-5125
-3199
6558
-7278
-8166
1839
-4077
-482
-295
-7164
-2966
-1129
-3571
1548
-2760
-6497
1444
-789
-3719
-5218
3368
-9836
9503
-8446
-1022
3921
7945
9517
-452
-8740
-8192
-4254
2298
54
-1392
-5597
-8105
-3018
-9368
7925
1689
-3037
8538
-773
-3067
4761
-2869
4843
-8106
4015
9403
3009
-5618
-9099
-5132
-2427
-442
-401
392
5075
-1462
394
-4898
9127
4925
-4828
-524
2928
996
5722
8442
2043
-9515
6667
-545
-932
6844
-7964
4382
1446
-8451
-6683
2074
2099
-2938
9415
739
-3765
-6434
-503
-1286
4826
5171
-7427
6460
-2424
999
-1882
-8061
-6412
1790
-716
-7263
-8402
9410
765
-9253
957
7145
-9322
4266
-9648
-7812
-2100
460
6763
-1711
-1833
9192
-698
8421
-3649
-8616
-2486
-8608
2290
9607
-6290
-9729
2759
-6995
-1833
-8712
-4246
5168
3253
-696
-8199
-5544
1359
2901
2414
6576
-7246
-2169
8038
-2258
9026
-4653
7135
-7995
-6478
5421
-5387
-2169
-4573
6460
-2686
6845
1358
65
-1933
-6675
4197
6290
1798
-2060
-184
4151
-3841
6908
1994
-3408
-4241
1868
7161
-5357
2474
4
4382
-8856
-2220
5667
4143
8967
-5000
3422
-78
4989
1989
-1990
9190
4506
850
-1108
-8131
-569
8126
-6416
9329
2432
3666
7165
9259
7325
-7157
-4207
-9586
-5361
1558
883
9029
-3878
-8004
8116
-6009
4583
-4077
-8769
153
8459
9626
7240
7302
7049
7925
9101
-9422
-1562
8967
626
-4196
3758
-109
-9261
-9622
-5720
756
-6069
-1905
-9929
-8934
6277
-6591
-9890
-46
-5316
8881
8022
826
5600
7544
-241
5774
-1611
9917
-9471
3457
7189
8759
9057
-4446
-2004
2863
-9566
-246
-5790
7145
-522
-6750
387
3001
-165
-2836
-3100
-1099
-9539
-4787
-8451
-2137
-1692
7066
-4596
-607
-8952
-5824
-501
9239
3144
-4807
5787
-8348
-2543
8879
-2635
-2081
4052
-9248
1719
996
-1959
6938
-4633
7091
-4352
4448
5303
3874
1306
8881
-456
6970
-1130
2665
5929
-9806
8827
-2137
5894
-253
6413
-7917
7190
9239
1669
1302
5228
-5481
7278
-6695
-396
5755
-3763
337
8612
5400
1989
-5022
4933
-8136
5228
-1121
-2836
2939
7354
6413
-3177
-1471
9270
6365
6458
-1428
8516
9242
7387
8300
-69
-533
-5785
6174
-1012
-5549
-2873
9946
9372
-8183
-7343
2707
7583
7809
9070
2837
3792
-3511
-109
8087
-8776
514
2359
6328
9661
9918
-2999
-8620
6689
4629
9053
3679
6968
-4287
-3977
-7022
-3432
2261
-292
-5219
9160
7387
2960
4284
-9138
-7540
-9686
-11
3263
-137
8901
2104
3008
1203
-4795
-6495
9611
-1443
-9856
-5789
-9835
-5309
-5059
-5750
-8790
4923
1398
-1396
5945
-9982
5438
-5395
6462
-8340
3084
-6458
-3060
3669
-6239
1945
-450
-2255
36
-8934
4589
-6333
3626
9392
-5247
-6750
1620
-539
2679
-744
312
-7406
-3940
5444
7365
-3136
-4798
-7210
-5497
-5174
6177
-3255
-660
-2387
8865
-7925
6570
-5345
4229
3931
-7902
771
-6814
1759
4654
9351
6947
9265
-1415
-4842
-9068
9696
-5342
8351
-3388
-2600
-3407
8908
7508
1298
386
3461
9041
4548
8786
-5905
2665
-2876
3943
-4252
-1990
8283
-1765
-8911
2177
-1265
4166
-5809
4250
-2932
-2874
2028
-3152
1563
6179
-9566
-7350
1134
-3832
-2100
-9099
9379
2579
4533
-1839
-405
-5285
5189
-61
-8713
-7242
5412
-101
-5670
-8669
-5123
-1623
-7710
2282
-9859
-1247
-170
-7404
8044
1262
-8579
5154
9878
-6139
3447
-5834
-2258
1398
4243
537
3221
-2232
3572
-4656
-8857
-5419
-6078
-6768
7378
5892
-7203
1545
-6606
-459
-5044
501
-3782
-3063
3001
-1853
9838
2555
2135
5705
-4863
3829
-9106
9912
5473
-5451
-1517
2456
6489
-8471
-9392
-4640
-3206
7561
1601
-5024
8053
-5595
2665
2630
9834
1996
2659
9829
-4972
-4511
-2295
-5044
1366
6314
-9156
-2608
2251
-6041
-4960
-2591
-6418
9602
-7439
644
5181
-7016
-4824
2447
-5190
-9138
3735
6233
6015
-6288
-3807
-5054
9761
7468
205
-5487
6250
-7433
6144
4013
-3733
-3712
4933
6303
8313
6177
-5354
1270
9101
-5580
-5919
-8345
-4972
5680
-904
3017
5288
-3851
-3990
4052
-4059
-8910
9944
6969
6617
-8745
-4274
-7912
-5748
5769
-8131
-8977
4902
2045
-8241
-577
5963
-8122
-2466
-5779
-8733
1563
-7350
8831
2239
-2683
-2248
-128
6813
3052
7488
-8002
720
-2123
7702
1096
-3690
-8148
-33
7697
-6944
-556
-4168
-2162
-1587
-5200
8665
1744
-2776
-1829
8052
-7292
-3894
-4520
-7022
3789
-3492
-5365
-4154
4692
-946
2013
-8508
-3733
532
-7094
-1108
6758
-138
8886
-7404
-8922
-7780
8160
-3154
-2403
-6596
-9286
-3018
7869
5929
9834
-944
-4164
2975
-2140
-5952
-6642
8496
9455
-1037
-5053
-6044
-8549
8411
8369
-5184
1022
-4497
2461
4569
-5583
6902
8296
-4599
8450
7153
-8152
-1711
4386
-2702
-7299
-2925
8818
6065
6993
2781
4052
4933
1352
-7835
-5828
-5913
607
-2245
874
-1611
4963
-8882
-8511
-2908
-746
-2993
8031
-8889
-3780
2359
-1902
-8554
-1465
-9109
1687
5465
1204
8459
2665
-33
4543
-952
9551
6560
-1862
-7380
5300
4807
7515
-2444
4895
9435
4103
6237
-5979
-9416
5664
-8496
103
-1273
7523
-3368
6789
-2544
-3551
-1550
2756
1027
3141
2863
-8581
-9614
5917
-8107
5631
-5369
7543
-34
2043
7180
9239
6938
-757
-8854
-6942
-8165
6365
-4162
-6776
8570
8636
7007
8862
8667
4554
-2412
1697
6175
-7098
996
-1624
2289
-8546
1390
-3242
-6412
-2235
-3325
-8863
-5473
4583
9645
6235
8881
5842
2176
6558
-8625
3570
-6412
-5689
-5052
4116
1929
-4449
-8046
2226
3439
-5494
1161
5006
-418
9456
9540
6213
-4997
3294
8621
801
-3659
506
-8582
4045
-6280
-4800
4065
-5487
-9653
3339
-5778
313
4171
-5157
7194
-4287
-7210
6089
-7928
-533
5649
-614
1283
6826
1929
-1408
8313
3568
-6435
-5798
396
443
8292
2826
2746
-2257
-3919
5251
1926
-4164
1171
-1190
7665
974
8967
-8055
-2549
-9944
-7353
8886
7968
-7149
4345
6895
9305
-8880
4992
8470
-4146
2497
-9326
778
-3072
-8949
-4200
1518
5869
6322
-6445
8878
7284
-8321
-7876
-4482
4006
-7351
-4486
1014
-7210
3527
-8615
8779
-442
-204
-6872
-3214
9267
-9004
6018
-3193
-7963
-3644
-9828
4144
2826
4801
9571
-4972
4911
-5697
9239
-3425
2915
9868
-8182
-8949
-524
324
-9622
6748
8030
-266
5054
8453
2955
-8636
4813
-8209
4342
-2967
-757
3263
-3193
-1612
1370
-2757
5696
6191
-7902
-2834
821
719
-4289
-6898
-2272
820
-6804
93
7872
5030
-3314
9120
-8872
-7561
-7851
8329
8425
4314
-3255
-3271
-1995
1590
-2012
-9223
-4272
352
4467
-8148
2868
-5493
-1465
3835
-2506
2079
-3730
5235
-5533
-9636
5963
-4024
8714
3931
-5493
-6607
1501
-6766
-2200
4282
-1835
4408
458
9308
4022
-1970
-7331
-8157
-7641
-8952
9435
528
5699
-8568
5680
-5747
-527
3011
2119
-6041
6424
-4828
-34
694
1056
-4993
8978
8284
4491
-1190
2955
7772
8380
-3791
9713
-2004
206
-5054
7797
5983
-5707
-7236
2179
1149
1345
3502
4215
1171
-7621
5465
-2162
-1308
5822
4534
2531
-6717
4314
4204
-6418
4761
1447
-5085
-558
-7446
-8584
3027
-9164
-4503
5401
1959
-2302
-2874
9749
1158
1014
-7188
-958
-1603
7945
8097
-4814
-8453
-1721
4501
-7613
-407
-7155
-4713
7973
6626
-8087
-4827
-7756
9635
6083
-8021
1669
419
-15
506
-2660
7284
5929
967
1400
6341
3762
8217
4155
122
9358
-9413
6380
5062
-9125
-2853
-8469
-4869
-940
8326
8822
-22
6929
-4121
-6619
7596
-4488
-5038
-3646
9710
-122
-4
-5435
6783
-72
8854
3710
4497
-1694
-5473
2052
-624
3976
-913
-4446
5769
8242
-7392
-8188
9547
-3103
251
3729
-5054
-8092
-7687
9690
7547
-8149
4213
-9990
3393
-1837
-5794
8103
-5689
531
8747
8748
377
6567
2075
-1071
-8969
5204
366
4680
-1129
6170
5156
5877
-6878
797
-3635
9880
-3479
-5484
5951
4520
8886
-5406
5668
5930
-3231
-5882
8874
2932
6235
-3765
3845
-6956
6881
5945
-5750
-3215
4668
1305
3579
9532
-976
6944
-3782
-5717
-4363
2502
6536
7743
1070
9739
-7235
267
3501
7924
3046
9025
-5360
1387
6949
-4896
4151
7753
2868
-9686
2221
-8854
-272
1910
-1386
-8934
-575
9008
-1155
6686
-2645
-7242
-4947
-169
-7352
7983
1601
1590
-547
-957
-5761
-8250
1566
-5729
2297
3136
9349
-8453
5011
5517
-4899
-7092
9047
-7002
-3306
-1954
4449
1843
-9211
-3810
2753
-2047
-5121
2357
-3665
-4784
-2776
-9828
8426
6975
-2108
1661
-7140
-8854
-3063
18
4464
-7081
-4787
39
5006
-4866
9267
-6161
6857
-3158
8379
7735
3422
6011
-6987
-9315
723
-1379
-2873
9324
-6088
-1580
-554
-1343
-5333
5983
-2618
5497
-3970
-2106
-1730
6047
5755
-7960
6016
3693
-90
-3909
-4340
-5134
-9286
-2944
-577
-2022
-8824
-3142
8292
970
1054
-488
-4717
-1448
-8173
9270
1100
-7514
7706
-3106
-6617
7679
-4973
-3383
-9713
-3989
9982
-8810
-2886
4408
-9717
6018
-1906
-2201
7793
-7139
-5214
-2235
920
5390
2566
9327
3052
-6615
3995
-3049
1228
6741
-9432
3438
2665
8822
-5396
-9650
936
8615
-6147
4483
-4410
16
-2233
-167
5034
-5218
-1051
-2164
6771
9517
400
-6602
9933
2188
-2656
8898
-9606
7847
-4201
-696
5180
-5220
-1707
234
-7220
-6990
6934
-5904
2075
-3057
3436
-311
-9076
-6295
-7561
-3804
9837
9955
-121
-5880
8714
-3990
6904
8053
-3898
-4909
2862
1111
8908
1207
-7350
-6066
7307
3863
8215
9713
-2352
4522
-5234
-5906
-4615
5592
-8866
4760
-5198
238
2708
4681
-532
-1166
9837
1523
3103
1269
5460
-5488
-753
8985
-917
5936
-8568
5592
-6783
9572
6491
5574
8818
-7798
-691
7795
-1661
-3072
3238
-5049
-6770
-1609
1358
1755
3423
-7772
6542
-8307
-5827
2400
9992
-2112
2960
6641
-7650
3851
-9787
-5747
-8375
8554
-509
8347
-6788
-105
2487
-2660
-4896
7518
6058
-7482
8915
-48
5979
-8847
-7094
-7411
-6429
-2448
4997
3232
1450
9552
-7876
-7995
6287
-7081
4204
2720
-9802
758
5609
-1068
4241
-7365
8470
1486
7164
9638
7208
-5501
4686
4525
-5419
669
-9186
2975
-2536
4013
-5384
-7985
-8951
6341
3501
3436
2070
-6290
6921
1457
-3886
4021
-5132
-9633
-2055
-101
2822
5388
460
1450
6643
-3508
6316
-8906
1393
-1919
8585
968
-112
-9551
1664
2764
-988
-3256
-98
-511
-1561
2959
3205
5785
-6506
808
9080
2486
-6301
-2189
1096
-1007
-90
1328
-8672
8878
5160
7888
-3120
9804
-7337
2863
-813
2850
8548
2362
-1853
1486
-8713
-4768
7729
3637
-7362
799
-2257
9854
9239
5275
-1730
-2332
-6168
7618
7425
-3573
9422
-6448
4434
9970
-4400
-1729
9090
2288
-4901
-532
-4287
-7958
-8203
-999
-3996
3767
-7656
-3197
6935
-5254
9175
-8045
8255
-7884
3368
5398
9090
-33
765
8087
9484
-4986
5464
3280
-4553
3409
705
-1685
-1547
1847
-2966
-442
3806
6383
-8476
6533
-1611
334
-1063
3314
7488
723
-2950
5354
-1657
-6779
-7928
-4547
3425
-9019
2741
-3197
495
-1780
-913
-625
-1429
-9175
-1973
-7931
-3944
1833
-6961
1754
6360
4288
4265
9241
7515
-7916
-2512
-3733
-8186
3060
-3535
-7732
-4067
-3546
-1739
-1086
-8401
-1833
5234
-1019
1411
-5205
-6288
-7795
-238
1072
9119
-147
-5888
-8173
-5521
-6201
-4572
-7848
-4788
8986
-2407
-4507
3366
428
9607
-2993
1617
-1405
2313
-6783
-9791
2099
9840
4680
1358
-7487
6808
5755
-7885
-5086
-8507
5357
-593
3312
-8267
6306
1598
694
-2051
-5209
-9302
2146
-5581
396
1802
1735
-4038
6324
-7444
6361
1985
-6268
8345
-8235
-6408
1062
2532
3978
7234
-1558
-367
-9314
-9401
-7519
2774
-8307
-5349
4448
-7988
6822
1907
6808
-7381
-3866
6399
-3136
-2723
8530
5574
9204
-2969
-4722
8116
-6293
-8264
7043
-8001
-4784
4546
4454
-310
7562
-6147
-8094
4745
-5344
-4134
1072
483
3533
-1990
5440
4092
-1219
6306
-2480
-301
-6424
1376
-98
-9958
279
4944
-9936
-5853
-7366
-7283
1366
9037
5363
7054
907
-1864
-4878
4787
-830
6375
6433
6912
4382
-5259
-3818
1985
7741
2269
3998
-2258
394
936
-3596
-996
4940
-4274
-4082
-6890
-8036
-6300
-9227
4694
-7641
3931
-6312
2884
-3039
7240
9310
-8600
-4710
-960
-5328
314
2642
-4965
705
-1423
-704
-6009
-5032
-584
-551
-8762
5862
3412
-8947
-820
-5889
8545
1563
-940
4465
-7267
-5953
4452
6973
6112
-1174
-9670
8068
4401
-1396
5877
-948
-50
4581
5765
-1396
3245
3263
-4986
-3730
6312
-6419
-505
6748
-8689
7280
-1635
-9943
8653
-8848
-357
8834
100
-7246
2696
-2518
8081
-6602
-3640
-1672
-9064
9028
3290
2354
-7930
-8682
-9164
4109
-9270
-3181
5528
6341
9842
2021
2849
6382
-924
-2925
6373
-8090
1997
-8908
-5525
-6414
5732
-6649
3127
4844
-9040
-9481
-1461
-9505
-8760
8320
-9286
-792
5412
2704
2070
-8983
2663
-1140
726
3466
626
3297
9408
-4674
6883
2408
-4300
8551
98
-7784
-1455
5259
-9277
-5121
-8962
6058
-5111
5398
-551
-8689
459
-393
5769
-497
9052
3736
8516
2845
-2446
7756
1470
5439
9935
-4674
-8265
-6980
8629
366
4867
-7704
5615
4713
9998
9681
9167
175
9031
-3130
7275
511
-3618
7566
-609
2487
-5632
5943
4333
-3818
4382
-1360
7450
6910
-8681
-3497
4633
8805
-8508
-6596
-3177
-8529
-3371
-4057
-6226
-1572
-8776
9765
-4181
6561
-8522
-4222
1242
-9315
-9051
-7677
5334
6489
-8480
6375
-246
-8682
-8037
6498
6174
4315
4777
9814
6378
-5828
5252
1737
7349
7748
-9165
9722
-8453
5474
6922
626
-9532
-3618
-2898
5206
-7941
6640
1947
-4131
9196
-7482
2142
3806
-4382
238
-9515
-8548
-1004
5429
5788
3995
-8213
7192
9446
9016
8373
-628
8573
-8922
3607
-5091
-4040
-9167
-4514
9429
5464
4215
-7062
-2009
-2084
-4977
8721
-34
-644
5602
-2386
-1700
9300
-1299
2518
6699
-3239
4811
-7615
1883
7533
-4511
-4384
2160
684
-6854
225
5189
4229
8263
5919
3868
3374
9396
4194
-5779
-2725
5631
1994
7614
-8760
-1219
5951
6520
8445
8394
4943
1379
2079
-3591
4701
1411
4599
6175
-9579
-3794
9364
6998
6743
-3748
-8714
6370
-9227
-6041
-2497
-3149
-8186
6508
3729
6337
-3481
-9138
-484
688
1342
-6122
1842
4525
1172
-1920
4949
-4523
-1392
-4664
-9505
-5798
-1615
-1428
7544
2112
5755
-8567
-7055
3492
-1394
3749
502
-6742
7815
-7483
-9741
4517
-3269
-7682
-7810
9080
3572
6044
3293
5030
-8713
-2791
3835
4852
2185
7809
747
9908
2110
-986
-7610
-109
3324
7191
8867
-1051
7724
-3636
6886
-9040
2003
-8372
5916
3699
855
313
9041
-9156
3565
-6087
695
3921
525
6094
5818
7376
3696
996
7845
965
5477
6415
-2161
6529
50
-2500
-5985
724
-7979
408
1305
1329
4404
-7843
-8260
-972
-8718
6699
5300
1006
-2604
-8770
-2414
-5316
-4271
1114
7539
-3371
2597
5612
4053
-4394
-902
-7751
5793
6008
9389
-246
-8654
1355
5464
8695
-4959
7365
-6239
-8529
3986
5959
9223
2089
1782
4852
6233
-3782
7760
-2925
5401
-5227
4413
6375
932
-3038
-9965
5778
9025
-5214
-3558
883
-6302
-7433
-9298
-988
7769
-3266
-6792
2169
9051
8793
6220
9606
3918
7378
3376
5558
-1919
8470
5902
-287
4179
4079
-7640
-3003
-1199
386
-9640
4669
7769
-1731
5649
-4226
-2858
-804
7488
-2917
-7237
2265
-4908
-3814
1618
-4146
7596
6722
-6720
2804
3547
379
1201
-1260
5218
4876
-6112
4102
-3706
-9227
-4792
3832
9278
2002
6496
-816
-7283
9175
5989
880
-1080
771
-5344
5336
6550
2088
4268
-8794
-8509
-1037
9405
-1954
3501
4826
-7104
9494
-3361
-4449
-4416
-2472
-2659
3502
8172
8411
-4227
7309
7177
3214
6808
-2472
-5845
2959
538
4680
8695
1691
-4482
-3402
-2523
-4869
-6300
5438
4268
-5606
205
-3242
1674
1201
-942
4166
6372
-4041
8319
-9206
9101
7274
6090
9236
5984
-6200
9014
6561
-8297
6125
1877
2387
-7805
-2925
3144
4435
-7614
2588
9300
-225
-3760
7860
-1435
-2621
-1729
-238
-3334
-6600
-1219
7365
5929
2486
-5446
-8525
-628
3173
3375
9895
-2047
-3780
-7432
-3305
9610
-396
1842
1131
6973
-7415
-899
9284
6867
9854
9783
-3296
772
-2184
5189
-6826
-7728
6065
1397
6161
-5345
4266
-383
-4782
-1878
55
4205
5848
-8568
-553
-884
-3909
-9158
3925
9484
-5345
9289
4205
-3136
4396
-8683
-6319
6348
7280
7068
1557
2548
2511
-7514
-5197
-2313
-7155
-5284
9690
-5096
2383
4795
-1882
9626
6881
6282
-6041
3048
-194
4382
-157
612
6542
-5317
4021
-1013
-7631
-4547
-33
-9006
8842
1366
-1461
-4933
4923
6298
-2462
-5239
4399
5017
2548
-9362
-6422
9459
878
7935
1199
916
7221
-9592
7632
9970
5822
4284
7815
7547
5778
-3129
-2635
-9594
-8555
970
-6478
-1461
7208
-1769
9568
9754
5696
7221
-9869
6676
6952
2272
-7784
1925
-3371
6942
-7918
-5759
-7182
-4349
7622
4448
5368
-3130
-8718
1305
2337
3606
4950
-2530
-6770
2859
-9295
-9390
-3763
9761
-5369
-81
-3072
9190
-1318
-7242
-3851
1035
-6119
6844
-1219
9335
7769
-6368
4022
-341
-4673
-4082
4852
-7444
-5906
3491
-325
7002
1590
5401
-899
-7128
2954
6724
6827
771
8836
3367
-5711
459
-215
2597
5197
-2403
5012
-6302
1005
1668
-5277
3011
-7317
-4437
164
5416
-1917
734
1158
375
1242
9653
-3849
7356
-7863
-1282
4510
-2005
-809
-6001
-9064
9444
-3931
-9261
-5262
-9877
5075
-4689
-3747
-8966
-763
453
506
5219
-2105
4928
7831
9456
2392
-892
-8051
-7172
-6659
819
-1090
2696
-6620
-2448
-8222
9429
2112
-6741
-8441
9079
-569
-6872
-9004
-4605
6118
3127
-2879
7007
-8566
-5219
3536
1790
-8741
-3106
-8786
-6566
2892
5627
-121
-1005
5819
-405
2515
-1406
7769
-3823
719
-2911
-191
8595
6576
-6695
1423
-5789
3873
-7988
-1465
-9378
-5268
-4986
-9449
-3060
-4582
-1277
8721
8240
-1974
-9069
-4279
-8291
3313
-7633
4777
-9717
-5241
8267
-8541
7539
4204
366
-2898
-6487
-7741
-9430
-9354
4184
-8144
-5969
739
